image: kishanmap_v4.pgm
resolution: 0.050000
origin: [-97.7, -108, 0.000000]
negate: 0
occupied_thresh: 0.65
free_thresh: 0.196

